63,	63,	31,	31,	22,	9,	0,	0,	-112,	-3,	-4,	-4,	-40,	68,	64,	-92,	-64,	-32,	-64,	-60,	-92,	96,	100,	-8,	-3,	-4,	-3,	-111,	0,	0,	5,	22,	31,	31,	31,	63,	
18,	63,	63,	63,	63,	18,	4,	0,	0,	-112,	-3,	-3,	-7,	-43,	100,	-128,	-60,	-64,	-96,	-92,	-128,	100,	-11,	-3,	-3,	-3,	112,	0,	0,	4,	18,	95,	63,	63,	59,	22,	
4,	18,	59,	63,	63,	63,	18,	4,	0,	32,	-112,	-3,	-3,	-3,	-44,	96,	-128,	-60,	-96,	96,	96,	-44,	-3,	-3,	-3,	112,	4,	0,	4,	17,	63,	63,	91,	91,	18,	5,	
0,	8,	18,	59,	31,	63,	63,	18,	4,	0,	36,	-112,	-3,	-3,	-7,	-44,	96,	96,	96,	100,	-44,	-3,	-3,	-35,	112,	0,	0,	4,	49,	95,	63,	63,	91,	50,	5,	0,	
0,	0,	5,	18,	63,	63,	63,	63,	14,	4,	0,	4,	-112,	-3,	-3,	-3,	-48,	68,	100,	-44,	-3,	-4,	-3,	-112,	0,	0,	4,	17,	63,	63,	63,	63,	46,	5,	0,	0,	
1,	0,	0,	5,	18,	59,	63,	31,	95,	18,	4,	0,	0,	-112,	-3,	-3,	-3,	-40,	-76,	-3,	-3,	-3,	112,	0,	0,	4,	18,	95,	63,	27,	63,	18,	5,	0,	0,	1,	
2,	2,	1,	0,	0,	50,	95,	63,	31,	63,	18,	4,	0,	0,	-112,	-3,	-4,	-4,	-4,	-4,	-3,	-112,	0,	0,	4,	50,	63,	31,	63,	63,	50,	5,	1,	1,	1,	2,	
3,	2,	1,	1,	0,	0,	18,	95,	31,	31,	63,	18,	0,	0,	0,	-80,	-3,	-4,	-4,	-3,	-112,	0,	0,	4,	50,	95,	63,	63,	59,	18,	5,	1,	1,	1,	2,	2,	
3,	3,	2,	2,	1,	0,	4,	50,	95,	31,	63,	63,	18,	4,	0,	0,	-80,	-3,	-3,	-112,	0,	0,	4,	50,	95,	63,	63,	59,	50,	5,	0,	1,	2,	2,	3,	3,	
3,	3,	3,	2,	2,	1,	0,	4,	18,	95,	63,	31,	63,	18,	4,	0,	36,	-112,	108,	4,	0,	4,	18,	95,	31,	63,	91,	50,	4,	0,	1,	1,	2,	3,	3,	3,	
3,	3,	3,	3,	2,	2,	1,	0,	4,	50,	59,	31,	63,	63,	18,	4,	0,	0,	0,	0,	4,	18,	63,	31,	63,	59,	50,	4,	0,	1,	2,	2,	3,	3,	3,	3,	
2,	2,	3,	3,	3,	2,	2,	1,	0,	4,	18,	63,	31,	63,	63,	18,	4,	0,	0,	4,	54,	63,	31,	31,	63,	18,	4,	0,	1,	2,	2,	3,	3,	3,	3,	3,	
34,	2,	2,	3,	3,	3,	2,	2,	1,	0,	5,	50,	59,	63,	63,	63,	17,	8,	9,	18,	63,	63,	31,	63,	18,	5,	0,	1,	2,	2,	3,	3,	3,	2,	2,	34,	
-121,	66,	34,	2,	3,	3,	3,	2,	2,	1,	0,	5,	18,	59,	63,	63,	95,	18,	22,	95,	63,	63,	63,	18,	4,	0,	1,	2,	2,	3,	3,	3,	3,	34,	66,	-121,	
-57,	-93,	66,	34,	2,	3,	3,	3,	2,	2,	1,	0,	4,	50,	91,	63,	63,	63,	31,	31,	63,	95,	50,	4,	0,	1,	2,	3,	3,	3,	3,	2,	34,	66,	-125,	-89,	
-29,	-61,	-89,	66,	2,	2,	3,	3,	3,	2,	1,	0,	0,	4,	18,	63,	31,	31,	31,	31,	63,	18,	0,	0,	0,	1,	2,	3,	3,	3,	3,	2,	66,	-122,	-57,	-29,	
-29,	-29,	-89,	98,	34,	2,	3,	3,	3,	3,	1,	1,	0,	0,	9,	59,	31,	31,	31,	31,	59,	9,	0,	0,	1,	2,	3,	3,	3,	3,	2,	2,	103,	-89,	-61,	-29,	
-29,	-61,	-93,	66,	2,	3,	3,	3,	3,	2,	1,	0,	0,	4,	18,	63,	31,	31,	31,	31,	95,	18,	0,	0,	1,	2,	2,	3,	3,	3,	3,	2,	66,	-125,	-61,	-29,	
-57,	-93,	98,	34,	2,	3,	3,	3,	2,	2,	1,	0,	4,	18,	63,	63,	63,	63,	63,	63,	27,	95,	18,	4,	0,	0,	1,	2,	3,	3,	3,	3,	34,	98,	-93,	-57,	
-89,	98,	34,	2,	3,	3,	3,	2,	2,	1,	0,	5,	50,	91,	63,	63,	59,	18,	22,	59,	63,	63,	95,	18,	4,	0,	0,	1,	3,	3,	3,	3,	2,	34,	98,	-121,	
34,	34,	3,	3,	3,	3,	2,	2,	1,	0,	5,	18,	63,	63,	59,	95,	17,	4,	5,	18,	95,	59,	63,	63,	18,	9,	0,	1,	2,	2,	3,	3,	3,	2,	2,	34,	
2,	3,	3,	3,	3,	2,	1,	1,	0,	5,	18,	63,	63,	63,	59,	50,	4,	0,	0,	4,	13,	95,	63,	63,	63,	18,	5,	0,	1,	2,	2,	3,	3,	3,	2,	2,	
3,	3,	3,	3,	2,	1,	1,	0,	5,	18,	63,	63,	63,	59,	18,	0,	0,	0,	4,	0,	0,	50,	59,	63,	63,	27,	18,	5,	0,	1,	2,	2,	3,	3,	3,	3,	
3,	3,	3,	2,	1,	1,	0,	5,	50,	59,	63,	31,	63,	18,	4,	0,	36,	-112,	-112,	0,	0,	4,	50,	63,	31,	63,	63,	18,	4,	0,	1,	2,	3,	3,	3,	3,	
3,	3,	2,	1,	0,	0,	5,	50,	63,	63,	63,	95,	17,	4,	0,	4,	-112,	-3,	-3,	-112,	0,	0,	5,	18,	63,	31,	63,	63,	50,	4,	0,	1,	2,	2,	3,	3,	
3,	2,	1,	1,	0,	4,	18,	59,	63,	27,	95,	18,	4,	0,	4,	-75,	-3,	-3,	-3,	-3,	-108,	0,	0,	4,	18,	59,	63,	31,	59,	18,	5,	0,	1,	2,	2,	2,	
2,	2,	1,	0,	5,	18,	59,	63,	59,	95,	13,	4,	0,	0,	-112,	-3,	-4,	-4,	-4,	-3,	-3,	-108,	0,	0,	5,	18,	63,	63,	63,	59,	50,	5,	0,	1,	1,	2,	
1,	1,	0,	4,	18,	59,	63,	63,	91,	18,	4,	0,	36,	-112,	-3,	-3,	-3,	-44,	-40,	-4,	-4,	-3,	-112,	0,	0,	4,	18,	59,	63,	63,	59,	50,	4,	0,	1,	1,	
0,	0,	5,	50,	59,	63,	63,	91,	49,	0,	0,	36,	-112,	-3,	-3,	-3,	-48,	64,	100,	-80,	-4,	-4,	-3,	-112,	0,	0,	4,	17,	59,	63,	63,	91,	50,	4,	0,	0,	
0,	4,	50,	91,	63,	63,	95,	18,	0,	0,	4,	-112,	-3,	-3,	-7,	-48,	96,	96,	64,	100,	-48,	-4,	-4,	-3,	-112,	36,	0,	4,	18,	59,	63,	63,	91,	18,	4,	0,	
9,	18,	63,	63,	63,	91,	50,	4,	0,	4,	-112,	-3,	-4,	-3,	-48,	96,	-128,	-96,	-92,	96,	96,	-43,	-3,	-3,	-4,	-112,	36,	0,	4,	18,	63,	31,	63,	27,	18,	9,	
22,	63,	63,	31,	63,	18,	4,	0,	0,	-112,	-3,	-4,	-4,	-44,	100,	-128,	-64,	-64,	-64,	-96,	-128,	96,	-44,	-3,	-4,	-3,	-112,	0,	0,	5,	18,	63,	31,	31,	63,	22,	
63,	31,	31,	63,	18,	4,	0,	0,	-112,	-3,	-4,	-4,	-44,	68,	96,	-92,	-64,	-32,	-32,	-64,	-96,	96,	68,	-40,	-4,	-4,	-3,	-111,	0,	0,	4,	22,	31,	31,	31,	63